5121
10416
18752
3777
5078
5207
5004
8021
12097
22542
22667
22745
22839
22917
23026
23120
23198
23292
23402
23496
23575
23669
23762
23841
23934
24028
24106
24231
24309
24388
24481
24575
24653
24763
24841
24935
25013
25107
25185
25279
25358
25452
25593
25687
25765
25859
25952
26053
26140
26234
26328
26406
26516
26609
26687
26782
26860
26954
27048
27126
27220
27298
27392
27485
27564
27673
27767
27846
27939
28033
28123
28205
28299
28377
7901
10002
10096
10174
10269
10363
10441
10534
10644
10738
10817
10910
11004
11098
11207
11301
11379
11473
11563
11646
11740
11818
11912
12006
12099
12178
12271
12350
12443
12537
12615
12710
12788
12887
12960
13054
13148
13242
13320
13414
13492
13586
13664
13758
13852
13946
14040
14133
14212
14306
14384
14478
14572
14666
14775
14853
14932
15025
15103
15198
15291
15400
15494
15588
15681
15775
15869
15948
16041
16119
16213
16307
16448
16558
16651
16745
16839
16918
17012
17090
17184
17262
17356
17434
17529
17623
17716
17810
17920
18013
18107
18201
18342
18436
18530
18608
18702
18780
18874
18968
19046
19140
19234
19312
19405
19499
19577
19683
19765
19859
19969
20063
20157
20267
20345
20439
20533
20626
20752
20856
20939
21064
21175
21269
21362
21456
21534
21635
21722
21832
21927
22005
22099
22193
22286
22365
22467
22552
22646
22740
22818
22943
23053
23146
23224
23318
23412
